contig	position	reference_kmer	read_name	strand	event_index	event_level_mean	event_stdv	event_length	model_kmer	model_mean	model_stdv	standardized_level	samples
chrXIII	182504	TACCTT	20d1aac0-29de-43ae-a0ef-aa8a6766eb70	t	90	97.41	1.871	0.00125	TACCTT	99.88	1.83	-1.16	98.0727,98.0727,95.4656,100.158,95.2918
chrXIII	182504	TACCTT	20d1aac0-29de-43ae-a0ef-aa8a6766eb70	t	91	99.64	3.410	0.00200	TACCTT	99.88	1.83	-0.12	97.8988,101.723,99.9845,91.6419,102.07,101.549,99.8107,102.418
chrXIII	182505	ACCTTA	20d1aac0-29de-43ae-a0ef-aa8a6766eb70	t	92	84.69	0.147	0.00075	ACCTTA	86.81	1.91	-0.95	84.516,84.8636,84.6898
chrXIII	182505	ACCTTA	20d1aac0-29de-43ae-a0ef-aa8a6766eb70	t	93	86.91	0.986	0.00100	ACCTTA	86.81	1.91	0.04	85.7326,87.123,86.4278,88.3396
chrXIII	182506	CCTTAT	20d1aac0-29de-43ae-a0ef-aa8a6766eb70	t	94	104.85	0.966	0.00100	CCTTAT	104.29	1.86	0.26	103.461,104.503,105.72,105.72
chrXIII	182506	CCTTAT	20d1aac0-29de-43ae-a0ef-aa8a6766eb70	t	95	101.58	2.291	0.00125	CCTTAT	104.29	1.86	-1.25	103.287,102.07,104.33,98.0727,100.158
chrXIII	182506	CCTTAT	20d1aac0-29de-43ae-a0ef-aa8a6766eb70	t	96	106.37	2.133	0.00100	CCTTAT	104.29	1.86	0.96	109.544,106.589,105.546,103.808
chrXIII	182507	CTTATT	20d1aac0-29de-43ae-a0ef-aa8a6766eb70	t	97	98.56	4.954	0.00125	CTTATT	102.20	2.51	-1.25	101.723,97.3774,102.07,102.07,89.5563
chrXIII	182508	TTATTC	20d1aac0-29de-43ae-a0ef-aa8a6766eb70	t	98	73.65	1.340	0.00100	TTATTC	76.44	2.70	-0.89	73.9139,74.9568,71.4807,74.2615
chrXIII	182509	TATTCA	20d1aac0-29de-43ae-a0ef-aa8a6766eb70	t	99	96.74	7.345	0.00075	TATTCA	100.73	2.09	-1.64	87.2968,104.677,98.2465
chrXIII	182510	ATTCAA	20d1aac0-29de-43ae-a0ef-aa8a6766eb70	t	100	111.22	0.366	0.00075	ATTCAA	110.52	2.20	0.27	110.76,111.629,111.282
chrXIII	182510	ATTCAA	20d1aac0-29de-43ae-a0ef-aa8a6766eb70	t	101	113.54	0.634	0.00075	ATTCAA	110.52	2.20	1.18	113.194,114.41,113.02
chrXIII	182510	ATTCAA	20d1aac0-29de-43ae-a0ef-aa8a6766eb70	t	102	111.59	1.340	0.00100	ATTCAA	110.52	2.20	0.42	111.803,113.194,111.803,109.544
chrXIII	182511	TTCAAT	20d1aac0-29de-43ae-a0ef-aa8a6766eb70	t	103	97.77	4.271	0.00100	TTCAAT	101.06	2.08	-1.36	101.201,100.68,98.4203,90.7729
chrXIII	182512	TCAATA	20d1aac0-29de-43ae-a0ef-aa8a6766eb70	t	104	80.17	0.378	0.00100	TCAATA	81.44	2.25	-0.49	80.1709,80.1709,80.6923,79.6495
chrXIII	182512	TCAATA	20d1aac0-29de-43ae-a0ef-aa8a6766eb70	t	105	81.26	1.076	0.00175	TCAATA	81.44	2.25	-0.07	81.7351,79.8233,82.2565,81.3875,79.6495,81.3875,82.6041
chrXIII	182512	TCAATA	20d1aac0-29de-43ae-a0ef-aa8a6766eb70	t	106	79.56	0.852	0.00150	TCAATA	81.44	2.25	-0.72	79.3018,79.128,80.3447,80.5185,78.0852,79.9971
chrXIII	182513	CAATAA	20d1aac0-29de-43ae-a0ef-aa8a6766eb70	t	107	83.73	1.261	0.00100	CAATAA	82.60	1.98	0.49	82.4303,82.6041,85.2112,84.6898
chrXIII	182513	CAATAA	20d1aac0-29de-43ae-a0ef-aa8a6766eb70	t	108	81.78	1.304	0.00100	CAATAA	82.60	1.98	-0.36	82.6041,81.2137,79.9971,83.2993
chrXIII	182514	AATAAC	20d1aac0-29de-43ae-a0ef-aa8a6766eb70	t	109	108.05	5.272	0.00175	AATAAC	108.32	3.16	-0.07	96.5084,109.891,108.848,107.284,112.672,113.194,107.979
chrXIII	182516	TAACAT	20d1aac0-29de-43ae-a0ef-aa8a6766eb70	t	110	87.89	3.735	0.00250	TAACAT	89.85	1.96	-0.86	96.3346,83.4731,83.6469,88.3396,86.4278,87.4706,86.254,86.0802,89.2087,91.6419
chrXIII	182517	AACATA	20d1aac0-29de-43ae-a0ef-aa8a6766eb70	t	111	99.32	1.524	0.00125	AACATA	99.05	2.18	0.11	99.4631,101.201,97.5512,97.725,100.68
chrXIII	182518	ACATAT	20d1aac0-29de-43ae-a0ef-aa8a6766eb70	t	112	92.63	3.850	0.00075	ACATAT	87.29	1.95	2.35	97.2036,92.6847,87.992
chrXIII	182519	CATATT	20d1aac0-29de-43ae-a0ef-aa8a6766eb70	t	113	104.91	1.031	0.00075	CATATT	106.70	3.75	-0.41	103.808,106.241,104.677
chrXIII	182519	CATATT	20d1aac0-29de-43ae-a0ef-aa8a6766eb70	t	114	109.02	1.914	0.00225	CATATT	106.70	3.75	0.53	108.153,107.979,106.415,112.672,109.718,106.763,109.544,110.934,109.022
chrXIII	182519	CATATT	20d1aac0-29de-43ae-a0ef-aa8a6766eb70	t	115	108.54	1.901	0.00125	CATATT	106.70	3.75	0.42	108.675,106.415,107.11,111.803,108.675
chrXIII	182520	ATATTC	20d1aac0-29de-43ae-a0ef-aa8a6766eb70	t	116	75.52	1.578	0.00100	ATATTC	77.57	2.70	-0.65	76.6948,76.3472,72.8711,76.1734
chrXIII	182520	ATATTC	20d1aac0-29de-43ae-a0ef-aa8a6766eb70	t	117	74.70	3.620	0.00150	ATATTC	77.57	2.70	-0.92	73.3925,71.8283,74.0877,73.7401,72.6973,82.4303
chrXIII	182521	TATTCA	20d1aac0-29de-43ae-a0ef-aa8a6766eb70	t	118	101.66	0.738	0.00150	TATTCA	100.73	2.09	0.39	100.854,100.854,102.07,101.723,102.939,101.549
chrXIII	182521	TATTCA	20d1aac0-29de-43ae-a0ef-aa8a6766eb70	t	119	100.68	1.598	0.00175	TATTCA	100.73	2.09	-0.02	100.68,100.506,99.8107,102.592,99.8107,98.2465,103.113
chrXIII	182522	ATTCAA	20d1aac0-29de-43ae-a0ef-aa8a6766eb70	t	120	113.08	1.422	0.00150	ATTCAA	110.52	2.20	1.00	113.541,114.236,113.02,111.977,114.932,110.76
chrXIII	182523	TTCAAT	20d1aac0-29de-43ae-a0ef-aa8a6766eb70	t	121	102.26	1.771	0.00250	TTCAAT	101.06	2.08	0.49	103.808,104.156,101.201,103.808,102.765,102.765,99.6369,103.113,102.592,98.7679
chrXIII	182524	TCAATG	20d1aac0-29de-43ae-a0ef-aa8a6766eb70	t	122	83.36	4.001	0.00075	TCAATG	81.08	2.25	0.87	88.8611,80.1709,81.0399
chrXIII	182525	CAATGA	20d1aac0-29de-43ae-a0ef-aa8a6766eb70	t	123	77.72	2.834	0.00225	CAATGA	79.91	1.68	-1.12	75.8258,75.3044,77.7376,76.1734,76.8686,77.2162,77.5638,77.5638,85.2112
chrXIII	182526	AATGAG	20d1aac0-29de-43ae-a0ef-aa8a6766eb70	t	124	107.08	1.299	0.00125	AATGAG	106.80	2.99	0.08	106.415,107.11,107.632,105.199,109.022
chrXIII	182526	AATGAG	20d1aac0-29de-43ae-a0ef-aa8a6766eb70	t	125	104.04	1.052	0.00075	AATGAG	106.80	2.99	-0.79	102.592,104.677,104.851
chrXIII	182527	ATGAGA	20d1aac0-29de-43ae-a0ef-aa8a6766eb70	t	126	85.21	1.307	0.00100	ATGAGA	86.42	3.17	-0.33	86.254,86.6016,84.516,83.4731
chrXIII	182528	TGAGAC	20d1aac0-29de-43ae-a0ef-aa8a6766eb70	t	127	75.06	2.055	0.00175	TGAGAC	75.35	1.42	-0.18	76.1734,74.9568,75.4782,74.9568,76.8686,76.521,70.4379
chrXIII	182529	GAGACA	20d1aac0-29de-43ae-a0ef-aa8a6766eb70	t	128	62.70	1.910	0.00100	GAGACA	65.53	2.14	-1.13	61.2263,60.8787,63.1381,65.5714
chrXIII	182530	AGACAG	20d1aac0-29de-43ae-a0ef-aa8a6766eb70	t	129	82.40	2.549	0.00150	AGACAG	84.01	2.49	-0.56	77.9114,85.0374,81.7351,83.9945,81.0399,84.6898
chrXIII	182530	AGACAG	20d1aac0-29de-43ae-a0ef-aa8a6766eb70	t	130	88.17	1.048	0.00075	AGACAG	84.01	2.49	1.44	89.5563,87.8182,87.123
chrXIII	182531	GACAGT	20d1aac0-29de-43ae-a0ef-aa8a6766eb70	t	131	104.97	1.697	0.00075	GACAGT	102.05	2.29	1.09	105.372,106.763,102.765
chrXIII	182532	ACAGTA	20d1aac0-29de-43ae-a0ef-aa8a6766eb70	t	132	81.62	1.235	0.00075	ACAGTA	80.36	2.41	0.45	80.5185,81.0399,83.2993
chrXIII	182532	ACAGTA	20d1aac0-29de-43ae-a0ef-aa8a6766eb70	t	133	78.39	1.055	0.00100	ACAGTA	80.36	2.41	-0.70	78.4328,76.6948,79.128,79.3018
chrXIII	182532	ACAGTA	20d1aac0-29de-43ae-a0ef-aa8a6766eb70	t	134	93.55	8.430	0.00075	NNNNNN	0.00	0.00	inf	82.0827,101.027,97.5512
chrXIII	182532	ACAGTA	20d1aac0-29de-43ae-a0ef-aa8a6766eb70	t	135	77.09	1.107	0.00100	ACAGTA	80.36	2.41	-1.17	77.5638,78.4328,76.8686,75.4782
chrXIII	182532	ACAGTA	20d1aac0-29de-43ae-a0ef-aa8a6766eb70	t	136	78.75	0.831	0.00125	ACAGTA	80.36	2.41	-0.58	78.9542,79.6495,77.2162,78.9542,78.9542
chrXIII	182533	CAGTAT	20d1aac0-29de-43ae-a0ef-aa8a6766eb70	t	137	72.47	2.176	0.00150	CAGTAT	74.76	2.05	-0.96	75.652,73.9139,72.8711,68.8736,72.3497,71.1331
chrXIII	182533	CAGTAT	20d1aac0-29de-43ae-a0ef-aa8a6766eb70	t	138	72.99	1.235	0.00075	CAGTAT	74.76	2.05	-0.75	74.0877,71.3069,73.5663
chrXIII	182533	CAGTAT	20d1aac0-29de-43ae-a0ef-aa8a6766eb70	t	139	70.31	1.070	0.00100	CAGTAT	74.76	2.05	-1.87	70.9593,70.6117,71.1331,68.526
chrXIII	182533	CAGTAT	20d1aac0-29de-43ae-a0ef-aa8a6766eb70	t	140	73.39	0.809	0.00075	CAGTAT	74.76	2.05	-0.58	72.5235,74.4353,73.2187
chrXIII	182534	AGTATC	20d1aac0-29de-43ae-a0ef-aa8a6766eb70	t	141	101.20	5.054	0.00125	AGTATC	103.02	3.77	-0.42	103.287,104.677,106.589,98.5941,92.8585
chrXIII	182535	GTATCG	20d1aac0-29de-43ae-a0ef-aa8a6766eb70	t	142	83.69	4.530	0.00100	GTATCG	82.90	2.46	0.28	81.2137,81.9089,80.3447,91.2943
chrXIII	182536	TATCGC	20d1aac0-29de-43ae-a0ef-aa8a6766eb70	t	143	113.14	5.399	0.00075	TATCGC	115.74	3.00	-0.75	116.148,117.539,105.72
chrXIII	182537	ATCGCG	20d1aac0-29de-43ae-a0ef-aa8a6766eb70	t	144	98.11	1.260	0.00125	ATCGCG	96.58	2.49	0.53	97.5512,96.856,97.0298,99.9845,99.1155
chrXIII	182537	ATCGCG	20d1aac0-29de-43ae-a0ef-aa8a6766eb70	t	145	96.74	0.945	0.00075	ATCGCG	96.58	2.49	0.06	96.6822,97.8988,95.6394
chrXIII	182537	ATCGCG	20d1aac0-29de-43ae-a0ef-aa8a6766eb70	t	146	98.71	1.183	0.00075	ATCGCG	96.58	2.49	0.74	100.332,98.0727,97.725
chrXIII	182537	ATCGCG	20d1aac0-29de-43ae-a0ef-aa8a6766eb70	t	147	95.06	0.889	0.00075	ATCGCG	96.58	2.49	-0.53	95.2918,95.987,93.9014
chrXIII	182538	TCGCGT	20d1aac0-29de-43ae-a0ef-aa8a6766eb70	t	148	84.34	0.896	0.00150	TCGCGT	84.91	1.58	-0.31	84.3422,84.516,85.5588,82.6041,84.516,84.516
chrXIII	182539	CGCGTT	20d1aac0-29de-43ae-a0ef-aa8a6766eb70	t	149	93.90	2.078	0.00125	CGCGTT	95.49	2.47	-0.56	94.5966,96.5084,91.1205,91.9895,95.2918
chrXIII	182539	CGCGTT	20d1aac0-29de-43ae-a0ef-aa8a6766eb70	t	150	95.67	0.988	0.00150	CGCGTT	95.49	2.47	0.06	95.2918,96.3346,96.5084,93.9014,95.2918,96.6822
chrXIII	182539	CGCGTT	20d1aac0-29de-43ae-a0ef-aa8a6766eb70	t	151	93.73	1.189	0.00075	CGCGTT	95.49	2.47	-0.62	95.2918,92.5109,93.38
chrXIII	182539	CGCGTT	20d1aac0-29de-43ae-a0ef-aa8a6766eb70	t	152	96.94	1.170	0.00100	CGCGTT	95.49	2.47	0.50	98.2465,95.118,97.3774,97.0298
chrXIII	182539	CGCGTT	20d1aac0-29de-43ae-a0ef-aa8a6766eb70	t	153	94.77	0.769	0.00075	CGCGTT	95.49	2.47	-0.25	94.4228,94.0752,95.8132
chrXIII	182539	CGCGTT	20d1aac0-29de-43ae-a0ef-aa8a6766eb70	t	154	94.26	4.957	0.00300	CGCGTT	95.49	2.47	-0.43	99.4631,95.6394,95.8132,95.6394,95.4656,95.6394,96.3346,95.2918,95.8132,96.1608,90.4253,79.4757
chrXIII	182540	GCGTTA	20d1aac0-29de-43ae-a0ef-aa8a6766eb70	t	155	64.84	0.964	0.00125	GCGTTA	69.09	2.47	-1.48	64.7023,65.0499,63.3119,66.2666,64.8761
chrXIII	182540	GCGTTA	20d1aac0-29de-43ae-a0ef-aa8a6766eb70	t	156	66.85	0.444	0.00075	GCGTTA	69.09	2.47	-0.78	67.3094,66.2666,66.9618
chrXIII	182541	CGTTAT	20d1aac0-29de-43ae-a0ef-aa8a6766eb70	t	157	100.71	0.860	0.00125	CGTTAT	101.49	2.40	-0.28	101.375,101.027,99.1155,101.375,100.68
chrXIII	182541	CGTTAT	20d1aac0-29de-43ae-a0ef-aa8a6766eb70	t	158	100.82	2.894	0.00125	CGTTAT	101.49	2.40	-0.24	104.33,100.68,102.418,100.854,95.8132
chrXIII	182542	GTTATT	20d1aac0-29de-43ae-a0ef-aa8a6766eb70	t	159	101.06	2.325	0.00150	GTTATT	101.04	2.51	0.01	102.939,100.68,103.287,102.592,100.158,96.6822
chrXIII	182543	TTATTT	20d1aac0-29de-43ae-a0ef-aa8a6766eb70	t	160	74.15	1.538	0.00200	TTATTT	77.75	2.70	-1.15	73.9139,71.6545,74.783,73.5663,74.2615,74.783,73.0449,77.2162
chrXIII	182543	TTATTT	20d1aac0-29de-43ae-a0ef-aa8a6766eb70	t	161	72.42	1.602	0.00125	TTATTT	77.75	2.70	-1.70	70.4379,75.1306,72.3497,72.6973,71.4807
chrXIII	182543	TTATTT	20d1aac0-29de-43ae-a0ef-aa8a6766eb70	t	162	74.52	1.129	0.00100	TTATTT	77.75	2.70	-1.03	75.652,74.783,74.9568,72.6973
chrXIII	182544	TATTTA	20d1aac0-29de-43ae-a0ef-aa8a6766eb70	t	163	93.55	3.384	0.00150	TATTTA	96.75	1.93	-1.43	86.254,95.2918,95.987,94.5966,94.4228,94.7704
chrXIII	182545	ATTTAA	20d1aac0-29de-43ae-a0ef-aa8a6766eb70	t	164	98.98	1.412	0.00125	ATTTAA	101.71	1.71	-1.38	101.375,97.3774,99.4631,98.5941,98.0727
chrXIII	182546	TTTAAA	20d1aac0-29de-43ae-a0ef-aa8a6766eb70	t	165	102.94	0.987	0.00125	TTTAAA	104.92	2.16	-0.79	103.461,103.113,102.244,104.33,101.549
chrXIII	182547	TTAAAG	20d1aac0-29de-43ae-a0ef-aa8a6766eb70	t	166	90.48	2.841	0.00075	TTAAAG	91.77	2.42	-0.46	94.249,89.5563,87.6444
chrXIII	182548	TAAAGA	20d1aac0-29de-43ae-a0ef-aa8a6766eb70	t	167	84.72	0.380	0.00125	TAAAGA	86.61	1.54	-1.05	84.1684,85.0374,84.516,84.6898,85.2112
chrXIII	182548	TAAAGA	20d1aac0-29de-43ae-a0ef-aa8a6766eb70	t	168	86.31	1.071	0.00075	TAAAGA	86.61	1.54	-0.17	86.7754,84.8636,87.2968
chrXIII	182548	TAAAGA	20d1aac0-29de-43ae-a0ef-aa8a6766eb70	t	169	85.10	1.464	0.00200	TAAAGA	86.61	1.54	-0.84	85.5588,85.385,83.9945,87.992,84.3422,86.0802,82.9517,84.516
chrXIII	182549	AAAGAT	20d1aac0-29de-43ae-a0ef-aa8a6766eb70	t	170	78.61	1.785	0.00075	AAAGAT	81.86	1.46	-1.91	79.4757,80.1709,76.1734
chrXIII	182550	AAGATT	20d1aac0-29de-43ae-a0ef-aa8a6766eb70	t	171	69.26	1.527	0.00100	AAGATT	67.98	1.85	0.59	71.8283,68.6998,68.1784,68.3522
chrXIII	182550	AAGATT	20d1aac0-29de-43ae-a0ef-aa8a6766eb70	t	172	68.35	1.160	0.00100	AAGATT	67.98	1.85	0.17	68.6998,68.8736,69.395,66.4404
chrXIII	182551	AGATTT	20d1aac0-29de-43ae-a0ef-aa8a6766eb70	t	173	63.28	0.955	0.00150	AGATTT	66.16	2.35	-1.05	62.7905,64.8761,63.3119,63.4857,63.4857,61.7477
chrXIII	182551	AGATTT	20d1aac0-29de-43ae-a0ef-aa8a6766eb70	t	174	66.75	1.507	0.00125	AGATTT	66.16	2.35	0.22	68.0046,64.0071,68.0046,67.1356,66.6142
chrXIII	182551	AGATTT	20d1aac0-29de-43ae-a0ef-aa8a6766eb70	t	175	64.41	1.540	0.00075	AGATTT	66.16	2.35	-0.64	64.7023,62.4429,66.0928
chrXIII	182551	AGATTT	20d1aac0-29de-43ae-a0ef-aa8a6766eb70	t	176	70.15	0.851	0.00075	AGATTT	66.16	2.35	1.46	69.395,69.7426,71.3069
chrXIII	182551	AGATTT	20d1aac0-29de-43ae-a0ef-aa8a6766eb70	t	177	85.63	2.178	0.00125	NNNNNN	0.00	0.00	inf	84.8636,85.5588,89.5563,85.0374,83.1255
chrXIII	182552	GATTTG	20d1aac0-29de-43ae-a0ef-aa8a6766eb70	t	178	90.29	1.777	0.00100	GATTTG	95.63	1.93	-2.38	91.2943,92.5109,89.3825,87.992
chrXIII	182552	GATTTG	20d1aac0-29de-43ae-a0ef-aa8a6766eb70	t	179	93.79	1.486	0.00200	GATTTG	95.63	1.93	-0.82	93.38,91.2943,95.118,95.4656,91.8157,93.9014,94.249,95.118
chrXIII	182553	ATTTGG	20d1aac0-29de-43ae-a0ef-aa8a6766eb70	t	180	99.35	1.072	0.00075	ATTTGG	98.90	1.62	0.24	97.8988,100.332,99.8107
chrXIII	182554	TTTGGC	20d1aac0-29de-43ae-a0ef-aa8a6766eb70	t	181	97.84	1.183	0.00075	TTTGGC	99.26	1.99	-0.61	97.2036,99.4631,96.856
chrXIII	182554	TTTGGC	20d1aac0-29de-43ae-a0ef-aa8a6766eb70	t	182	98.94	2.961	0.00200	NNNNNN	0.00	0.00	inf	98.9417,99.9845,101.201,99.1155,100.332,102.244,97.5512,92.1633
chrXIII	182556	TGGCCC	20d1aac0-29de-43ae-a0ef-aa8a6766eb70	t	183	78.31	1.525	0.00275	TGGCCC	78.88	1.71	-0.29	78.9542,80.6923,75.8258,79.128,77.7376,77.0424,78.7804,79.9971,76.8686,76.6948,79.6495
chrXIII	182557	GGCCCA	20d1aac0-29de-43ae-a0ef-aa8a6766eb70	t	184	100.33	3.467	0.00150	GGCCCA	99.37	1.76	0.47	92.8585,102.244,102.592,100.854,101.549,101.896
chrXIII	182557	GGCCCA	20d1aac0-29de-43ae-a0ef-aa8a6766eb70	t	185	100.22	0.468	0.00075	GGCCCA	99.37	1.76	0.41	99.8107,99.9845,100.854
chrXIII	182558	GCCCAA	20d1aac0-29de-43ae-a0ef-aa8a6766eb70	t	186	102.14	0.500	0.00125	GCCCAA	102.43	1.45	-0.17	102.244,102.244,102.939,101.549,101.723
chrXIII	182558	GCCCAA	20d1aac0-29de-43ae-a0ef-aa8a6766eb70	t	187	103.50	1.128	0.00100	GCCCAA	102.43	1.45	0.64	104.503,104.33,101.723,103.461
chrXIII	182558	GCCCAA	20d1aac0-29de-43ae-a0ef-aa8a6766eb70	t	188	100.02	2.489	0.00125	GCCCAA	102.43	1.45	-1.43	101.896,95.2918,100.332,101.723,100.854
chrXIII	182559	CCCAAC	20d1aac0-29de-43ae-a0ef-aa8a6766eb70	t	189	102.27	1.310	0.00150	CCCAAC	102.70	1.63	-0.23	103.982,102.765,101.201,101.549,103.634,100.506
chrXIII	182560	CCAACG	20d1aac0-29de-43ae-a0ef-aa8a6766eb70	t	190	83.82	1.675	0.00075	CCAACG	83.00	2.16	0.33	83.6469,81.9089,85.9064
chrXIII	182561	CAACGA	20d1aac0-29de-43ae-a0ef-aa8a6766eb70	t	191	89.64	1.298	0.00150	CAACGA	87.98	1.55	0.92	89.9039,88.8611,87.2968,90.9467,89.9039,90.9467
chrXIII	182562	AACGAC	20d1aac0-29de-43ae-a0ef-aa8a6766eb70	t	192	100.16	0.844	0.00100	AACGAC	98.45	2.25	0.66	99.1155,101.375,99.8107,100.332
chrXIII	182562	AACGAC	20d1aac0-29de-43ae-a0ef-aa8a6766eb70	t	193	96.82	4.827	0.00125	AACGAC	98.45	2.25	-0.62	98.7679,99.6369,99.9845,98.2465,87.4706
chrXIII	182563	ACGACA	20d1aac0-29de-43ae-a0ef-aa8a6766eb70	t	194	72.83	1.351	0.00100	ACGACA	75.37	2.00	-1.09	74.4353,73.7401,71.1331,72.0021
chrXIII	182563	ACGACA	20d1aac0-29de-43ae-a0ef-aa8a6766eb70	t	195	74.14	1.941	0.00250	ACGACA	75.37	2.00	-0.53	74.6091,75.1306,72.3497,71.3069,77.2162,72.6973,73.3925,75.3044,76.8686,72.5235
chrXIII	182564	CGACAT	20d1aac0-29de-43ae-a0ef-aa8a6766eb70	t	196	84.95	1.323	0.00100	CGACAT	85.36	2.49	-0.14	84.8636,83.1255,86.7754,85.0374
chrXIII	182565	GACATA	20d1aac0-29de-43ae-a0ef-aa8a6766eb70	t	197	92.86	3.490	0.00075	GACATA	97.41	2.18	-1.80	91.4681,97.5512,89.5563
chrXIII	182566	ACATAT	20d1aac0-29de-43ae-a0ef-aa8a6766eb70	t	198	85.04	0.580	0.00075	ACATAT	87.29	1.95	-0.99	85.7326,84.3422,85.0374
chrXIII	182566	ACATAT	20d1aac0-29de-43ae-a0ef-aa8a6766eb70	t	199	86.43	1.650	0.00100	ACATAT	87.29	1.95	-0.38	88.8611,86.4278,86.0802,84.3422
chrXIII	182567	CATATT	20d1aac0-29de-43ae-a0ef-aa8a6766eb70	t	200	105.42	2.435	0.00175	CATATT	106.70	3.75	-0.29	101.723,106.589,109.718,105.546,106.415,103.287,104.677
chrXIII	182567	CATATT	20d1aac0-29de-43ae-a0ef-aa8a6766eb70	t	201	100.11	1.573	0.00100	CATATT	106.70	3.75	-1.51	98.7679,101.896,101.375,98.4203
chrXIII	182568	ATATTA	20d1aac0-29de-43ae-a0ef-aa8a6766eb70	t	202	82.92	4.091	0.00125	ATATTA	80.72	2.70	0.70	88.8611,79.8233,79.6495,79.6495,86.6016
chrXIII	182569	TATTAC	20d1aac0-29de-43ae-a0ef-aa8a6766eb70	t	203	102.37	1.002	0.00200	TATTAC	103.17	2.18	-0.31	102.939,102.765,102.939,100.854,103.287,102.244,103.287,100.68
chrXIII	182570	ATTACT	20d1aac0-29de-43ae-a0ef-aa8a6766eb70	t	204	103.03	1.851	0.00100	ATTACT	102.43	2.02	0.26	105.546,103.461,102.592,100.506
chrXIII	182570	ATTACT	20d1aac0-29de-43ae-a0ef-aa8a6766eb70	t	205	103.03	0.510	0.00100	ATTACT	102.43	2.02	0.26	103.634,103.113,103.113,102.244
chrXIII	182570	ATTACT	20d1aac0-29de-43ae-a0ef-aa8a6766eb70	t	206	100.11	0.704	0.00100	ATTACT	102.43	2.02	-0.98	101.027,100.506,99.2893,99.6369
chrXIII	182570	ATTACT	20d1aac0-29de-43ae-a0ef-aa8a6766eb70	t	207	101.69	0.651	0.00150	ATTACT	102.43	2.02	-0.31	101.201,101.896,101.549,102.244,102.592,100.68
chrXIII	182571	TTACTT	20d1aac0-29de-43ae-a0ef-aa8a6766eb70	t	208	90.08	1.493	0.00125	TTACTT	89.48	1.52	0.34	91.1205,90.7729,88.3396,88.3396,91.8157
chrXIII	182571	TTACTT	20d1aac0-29de-43ae-a0ef-aa8a6766eb70	t	209	98.65	2.224	0.00075	NNNNNN	0.00	0.00	inf	99.6369,100.68,95.6394
chrXIII	182571	TTACTT	20d1aac0-29de-43ae-a0ef-aa8a6766eb70	t	210	89.95	0.477	0.00100	TTACTT	89.48	1.52	0.26	89.2087,89.9039,90.4253,90.2515
chrXIII	182571	TTACTT	20d1aac0-29de-43ae-a0ef-aa8a6766eb70	t	211	88.99	0.628	0.00175	TTACTT	89.48	1.52	-0.28	89.3825,89.5563,88.5134,89.0349,89.7301,87.8182,88.8611
chrXIII	182572	TACTTA	20d1aac0-29de-43ae-a0ef-aa8a6766eb70	t	212	87.23	1.844	0.00125	TACTTA	87.26	1.47	-0.02	84.516,86.6016,87.123,87.8182,90.0777
chrXIII	182574	CTTATG	20d1aac0-29de-43ae-a0ef-aa8a6766eb70	t	213	99.48	2.144	0.00450	CTTATG	100.11	2.51	-0.22	99.4631,101.201,99.9845,99.8107,101.549,98.9417,103.113,99.2893,101.549,95.8132,99.8107,103.113,96.856,99.1155,98.4203,99.2893,97.8988,95.4656
chrXIII	182575	TTATGA	20d1aac0-29de-43ae-a0ef-aa8a6766eb70	t	214	86.22	2.002	0.00125	TTATGA	87.18	2.12	-0.39	87.6444,84.6898,89.3825,84.516,84.8636
chrXIII	182576	TATGAC	20d1aac0-29de-43ae-a0ef-aa8a6766eb70	t	215	106.53	1.131	0.00225	TATGAC	103.46	2.99	0.88	105.72,106.589,105.72,106.763,108.675,105.72,104.851,107.632,107.11
chrXIII	182576	TATGAC	20d1aac0-29de-43ae-a0ef-aa8a6766eb70	t	216	102.94	1.195	0.00125	TATGAC	103.46	2.99	-0.15	103.808,101.375,102.592,104.677,102.244
chrXIII	182577	ATGACG	20d1aac0-29de-43ae-a0ef-aa8a6766eb70	t	217	73.10	2.255	0.00150	ATGACG	76.73	2.54	-1.23	76.8686,74.0877,70.0902,72.5235,73.9139,71.1331
chrXIII	182578	TGACGG	20d1aac0-29de-43ae-a0ef-aa8a6766eb70	t	218	80.87	1.138	0.00175	TGACGG	82.24	1.98	-0.60	80.3447,80.6923,81.7351,82.0827,78.7804,82.0827,80.3447
chrXIII	182579	GACGGA	20d1aac0-29de-43ae-a0ef-aa8a6766eb70	t	219	100.23	3.120	0.00125	GACGGA	101.64	2.23	-0.54	94.5966,101.896,101.723,99.6369,103.287
chrXIII	182579	GACGGA	20d1aac0-29de-43ae-a0ef-aa8a6766eb70	t	220	100.19	0.965	0.00125	GACGGA	101.64	2.23	-0.56	100.332,100.68,99.6369,101.549,98.7679
chrXIII	182580	ACGGAG	20d1aac0-29de-43ae-a0ef-aa8a6766eb70	t	221	79.93	2.190	0.00125	ACGGAG	83.72	2.44	-1.34	83.8207,80.3447,78.7804,77.5638,79.128
chrXIII	182581	CGGAGT	20d1aac0-29de-43ae-a0ef-aa8a6766eb70	t	222	69.61	0.342	0.00100	CGGAGT	69.72	1.86	-0.05	69.9165,69.0474,69.7426,69.7426
chrXIII	182582	GGAGTA	20d1aac0-29de-43ae-a0ef-aa8a6766eb70	t	223	67.89	1.302	0.00075	GGAGTA	69.79	1.46	-1.12	66.0928,68.8736,68.6998
chrXIII	182583	GAGTAC	20d1aac0-29de-43ae-a0ef-aa8a6766eb70	t	224	71.58	2.457	0.00125	GAGTAC	72.42	2.05	-0.35	70.4379,69.5688,69.2212,73.2187,75.4782
chrXIII	182584	AGTACC	20d1aac0-29de-43ae-a0ef-aa8a6766eb70	t	225	99.72	2.164	0.00150	AGTACC	100.23	2.66	-0.16	101.375,102.765,96.856,97.5512,98.9417,100.854
chrXIII	182585	GTACCT	20d1aac0-29de-43ae-a0ef-aa8a6766eb70	t	226	90.14	0.655	0.00075	GTACCT	89.81	1.42	0.20	90.0777,89.3825,90.9467
chrXIII	182585	GTACCT	20d1aac0-29de-43ae-a0ef-aa8a6766eb70	t	227	89.01	1.050	0.00150	GTACCT	89.81	1.42	-0.49	89.5563,88.8611,88.6873,90.9467,87.8182,88.1658
chrXIII	182585	GTACCT	20d1aac0-29de-43ae-a0ef-aa8a6766eb70	t	228	90.60	0.629	0.00100	GTACCT	89.81	1.42	0.48	90.9467,90.7729,91.1205,89.5563
chrXIII	182585	GTACCT	20d1aac0-29de-43ae-a0ef-aa8a6766eb70	t	229	93.32	0.363	0.00075	GTACCT	89.81	1.42	2.13	92.8585,93.7276,93.38
chrXIII	182586	TACCTT	20d1aac0-29de-43ae-a0ef-aa8a6766eb70	t	230	99.67	2.260	0.00250	TACCTT	99.88	1.83	-0.10	100.506,102.07,98.9417,101.723,98.7679,101.027,99.2893,101.375,98.9417,94.0752
chrXIII	182587	ACCTTT	20d1aac0-29de-43ae-a0ef-aa8a6766eb70	t	231	85.21	1.424	0.00150	ACCTTT	84.70	1.91	0.23	84.6898,83.1255,85.5588,87.8182,85.0374,85.0374
chrXIII	182588	CCTTTG	20d1aac0-29de-43ae-a0ef-aa8a6766eb70	t	232	93.55	0.765	0.00100	CCTTTG	95.80	1.90	-1.02	94.0752,93.5538,92.3371,94.249
chrXIII	182588	CCTTTG	20d1aac0-29de-43ae-a0ef-aa8a6766eb70	t	233	97.34	1.116	0.00125	CCTTTG	95.80	1.90	0.70	96.3346,96.856,99.1155,98.0727,96.3346
chrXIII	182589	CTTTGT	20d1aac0-29de-43ae-a0ef-aa8a6766eb70	t	234	94.02	0.587	0.00075	CTTTGT	95.46	1.62	-0.77	94.4228,93.2062,94.4228
chrXIII	182589	CTTTGT	20d1aac0-29de-43ae-a0ef-aa8a6766eb70	t	235	96.51	0.812	0.00125	CTTTGT	95.46	1.62	0.55	95.8132,96.856,97.8988,95.8132,96.1608
chrXIII	182590	TTTGTA	20d1aac0-29de-43ae-a0ef-aa8a6766eb70	t	236	102.94	1.453	0.00150	TTTGTA	99.31	2.51	1.24	102.418,101.723,105.72,101.896,102.07,103.808
chrXIII	182590	TTTGTA	20d1aac0-29de-43ae-a0ef-aa8a6766eb70	t	237	102.14	1.226	0.00125	TTTGTA	99.31	2.51	0.97	101.027,102.418,101.201,101.723,104.33
chrXIII	182590	TTTGTA	20d1aac0-29de-43ae-a0ef-aa8a6766eb70	t	238	98.38	1.573	0.00100	TTTGTA	99.31	2.51	-0.32	97.3774,101.027,97.3774,97.725
chrXIII	182591	TTGTAT	20d1aac0-29de-43ae-a0ef-aa8a6766eb70	t	239	82.00	2.936	0.00100	TTGTAT	82.96	2.23	-0.37	78.6066,79.8233,83.9945,85.5588
chrXIII	182592	TGTATG	20d1aac0-29de-43ae-a0ef-aa8a6766eb70	t	240	99.85	2.662	0.00125	TGTATG	99.50	3.77	0.08	97.3774,104.503,97.5512,100.506,99.2893
chrXIII	182592	TGTATG	20d1aac0-29de-43ae-a0ef-aa8a6766eb70	t	241	102.71	2.219	0.00075	TGTATG	99.50	3.77	0.73	105.025,103.287,99.8107
chrXIII	182592	TGTATG	20d1aac0-29de-43ae-a0ef-aa8a6766eb70	t	242	98.12	2.287	0.00100	TGTATG	99.50	3.77	-0.32	98.0727,99.1155,94.5966,100.68
chrXIII	182593	GTATGT	20d1aac0-29de-43ae-a0ef-aa8a6766eb70	t	243	82.08	1.067	0.00125	GTATGT	83.72	2.12	-0.67	83.9945,81.9089,80.8661,82.0827,81.5613
chrXIII	182593	GTATGT	20d1aac0-29de-43ae-a0ef-aa8a6766eb70	t	244	82.31	0.588	0.00075	GTATGT	83.72	2.12	-0.57	81.5613,82.9517,82.4303
chrXIII	182593	GTATGT	20d1aac0-29de-43ae-a0ef-aa8a6766eb70	t	245	81.21	1.241	0.00075	GTATGT	83.72	2.12	-1.02	81.0399,82.7779,79.8233
chrXIII	182593	GTATGT	20d1aac0-29de-43ae-a0ef-aa8a6766eb70	t	246	82.23	0.933	0.00150	GTATGT	83.72	2.12	-0.61	82.4303,82.2565,83.6469,82.2565,82.2565,80.5185
chrXIII	182594	TATGTT	20d1aac0-29de-43ae-a0ef-aa8a6766eb70	t	247	111.48	6.899	0.00200	TATGTT	110.48	3.57	0.24	98.2465,111.977,115.453,115.627,119.103,116.322,112.151,102.939
chrXIII	182595	ATGTTG	20d1aac0-29de-43ae-a0ef-aa8a6766eb70	t	248	74.71	2.035	0.00175	ATGTTG	77.09	3.04	-0.67	77.5638,73.9139,71.3069,75.652,76.3472,72.8711,75.3044
chrXIII	182595	ATGTTG	20d1aac0-29de-43ae-a0ef-aa8a6766eb70	t	249	73.36	1.434	0.00125	ATGTTG	77.09	3.04	-1.06	73.3925,70.7855,73.3925,74.4353,74.783
chrXIII	182595	ATGTTG	20d1aac0-29de-43ae-a0ef-aa8a6766eb70	t	250	71.80	0.988	0.00150	ATGTTG	77.09	3.04	-1.50	71.4807,70.9593,73.5663,71.4807,72.5235,70.7855
chrXIII	182596	TGTTGA	20d1aac0-29de-43ae-a0ef-aa8a6766eb70	t	251	99.92	3.644	0.00200	TGTTGA	99.82	2.36	0.04	91.9895,102.592,104.33,99.4631,97.5512,100.158,101.375,101.896
chrXIII	182597	GTTGAA	20d1aac0-29de-43ae-a0ef-aa8a6766eb70	t	252	101.84	4.245	0.00150	GTTGAA	101.48	2.11	0.15	104.503,103.113,104.851,100.506,104.851,93.2062
chrXIII	182598	TTGAAA	20d1aac0-29de-43ae-a0ef-aa8a6766eb70	t	253	81.79	0.923	0.00075	TTGAAA	85.42	3.08	-1.01	82.4303,80.5185,82.4303
chrXIII	182598	TTGAAA	20d1aac0-29de-43ae-a0ef-aa8a6766eb70	t	254	95.99	7.303	0.00075	TTGAAA	85.42	3.08	2.95	99.2893,102.592,86.0802
chrXIII	182598	TTGAAA	20d1aac0-29de-43ae-a0ef-aa8a6766eb70	t	255	83.89	1.140	0.00125	TTGAAA	85.42	3.08	-0.43	81.9089,83.8207,84.8636,83.8207,85.0374
chrXIII	182598	TTGAAA	20d1aac0-29de-43ae-a0ef-aa8a6766eb70	t	256	82.89	0.875	0.00075	TTGAAA	85.42	3.08	-0.71	82.7779,81.9089,83.9945
chrXIII	182598	TTGAAA	20d1aac0-29de-43ae-a0ef-aa8a6766eb70	t	257	84.39	1.002	0.00100	TTGAAA	85.42	3.08	-0.29	85.9064,84.516,83.8207,83.2993
chrXIII	182598	TTGAAA	20d1aac0-29de-43ae-a0ef-aa8a6766eb70	t	258	84.19	1.288	0.00175	TTGAAA	85.42	3.08	-0.34	83.9945,85.2112,84.3422,81.9089,84.1684,86.254,83.4731
chrXIII	182599	TGAAAA	20d1aac0-29de-43ae-a0ef-aa8a6766eb70	t	259	78.14	1.696	0.00075	TGAAAA	79.16	1.68	-0.52	80.3447,76.3472,77.7376
chrXIII	182600	GAAAAG	20d1aac0-29de-43ae-a0ef-aa8a6766eb70	t	260	83.01	0.850	0.00075	GAAAAG	83.68	1.52	-0.38	84.1684,82.2565,82.6041
chrXIII	182601	AAAAGA	20d1aac0-29de-43ae-a0ef-aa8a6766eb70	t	261	86.65	1.156	0.00250	AAAAGA	84.56	1.54	1.17	86.6016,88.1658,85.7326,87.8182,85.385,84.6898,88.1658,86.0802,86.9492,86.9492
chrXIII	182601	AAAAGA	20d1aac0-29de-43ae-a0ef-aa8a6766eb70	t	262	84.05	1.128	0.00075	AAAAGA	84.56	1.54	-0.29	82.9517,83.6469,85.5588
chrXIII	182601	AAAAGA	20d1aac0-29de-43ae-a0ef-aa8a6766eb70	t	263	85.38	1.815	0.00100	AAAAGA	84.56	1.54	0.46	87.4706,83.2993,86.7754,83.9945
chrXIII	182601	AAAAGA	20d1aac0-29de-43ae-a0ef-aa8a6766eb70	t	264	85.38	1.672	0.00150	AAAAGA	84.56	1.54	0.46	85.385,86.6016,88.1658,85.0374,83.4731,83.6469
chrXIII	182602	AAAGAC	20d1aac0-29de-43ae-a0ef-aa8a6766eb70	t	265	81.67	0.946	0.00125	AAAGAC	80.39	1.46	0.75	80.3447,82.4303,81.3875,81.2137,82.9517
chrXIII	182602	AAAGAC	20d1aac0-29de-43ae-a0ef-aa8a6766eb70	t	266	80.72	0.831	0.00150	AAAGAC	80.39	1.46	0.19	79.4757,81.3875,80.6923,81.9089,79.9971,80.8661
chrXIII	182603	AAGACA	20d1aac0-29de-43ae-a0ef-aa8a6766eb70	t	267	69.87	1.565	0.00175	AAGACA	69.06	2.14	0.32	71.6545,71.4807,68.3522,69.5688,67.1356,70.2641,70.6117
chrXIII	182604	AGACAT	20d1aac0-29de-43ae-a0ef-aa8a6766eb70	t	268	83.67	1.859	0.00200	AGACAT	84.31	2.49	-0.22	80.3447,85.5588,84.516,83.8207,85.7326,82.6041,85.0374,81.7351
chrXIII	182604	AGACAT	20d1aac0-29de-43ae-a0ef-aa8a6766eb70	t	269	72.23	1.455	0.00075	NNNNNN	0.00	0.00	inf	73.5663,70.2641,72.8711
chrXIII	182604	AGACAT	20d1aac0-29de-43ae-a0ef-aa8a6766eb70	t	270	85.11	2.035	0.00175	AGACAT	84.31	2.49	0.28	82.9517,85.9064,82.7779,84.8636,83.6469,87.6444,87.992
chrXIII	182605	GACATT	20d1aac0-29de-43ae-a0ef-aa8a6766eb70	t	271	101.14	1.769	0.00150	GACATT	97.27	2.18	1.53	99.4631,102.418,102.244,102.244,102.418,98.0727
chrXIII	182606	ACATTC	20d1aac0-29de-43ae-a0ef-aa8a6766eb70	t	272	70.32	1.015	0.00150	ACATTC	73.43	2.43	-1.10	71.1331,70.7855,69.5688,70.0902,68.6998,71.6545
chrXIII	182606	ACATTC	20d1aac0-29de-43ae-a0ef-aa8a6766eb70	t	273	69.11	0.366	0.00075	ACATTC	73.43	2.43	-1.53	69.5688,69.0474,68.6998
chrXIII	182606	ACATTC	20d1aac0-29de-43ae-a0ef-aa8a6766eb70	t	274	73.50	3.251	0.00125	ACATTC	73.43	2.43	0.02	71.1331,73.2187,72.3497,71.1331,79.6495
chrXIII	182607	CATTCT	20d1aac0-29de-43ae-a0ef-aa8a6766eb70	t	275	101.97	1.216	0.00125	CATTCT	98.27	2.09	1.52	102.244,100.332,101.549,101.723,103.982
chrXIII	182608	ATTCTT	20d1aac0-29de-43ae-a0ef-aa8a6766eb70	t	276	109.23	2.020	0.00125	ATTCTT	108.75	2.26	0.18	110.934,110.587,108.848,110.239,105.546
chrXIII	182609	TTCTTT	20d1aac0-29de-43ae-a0ef-aa8a6766eb70	t	277	86.57	3.556	0.00150	TTCTTT	85.04	2.37	0.56	94.0752,85.0374,86.0802,83.2993,85.0374,85.9064
chrXIII	182610	TCTTTT	20d1aac0-29de-43ae-a0ef-aa8a6766eb70	t	278	91.95	2.484	0.00125	TCTTTT	94.35	1.90	-1.09	94.9442,94.4228,90.4253,88.5134,91.4681
chrXIII	182611	CTTTTA	20d1aac0-29de-43ae-a0ef-aa8a6766eb70	t	279	91.99	1.688	0.00150	CTTTTA	91.43	1.51	0.32	94.249,91.2943,91.8157,92.1633,89.0349,93.38
chrXIII	182612	TTTTAA	20d1aac0-29de-43ae-a0ef-aa8a6766eb70	t	280	104.16	2.381	0.00100	TTTTAA	99.57	1.71	2.31	100.158,105.72,105.025,105.72
chrXIII	182613	TTTAAG	20d1aac0-29de-43ae-a0ef-aa8a6766eb70	t	281	103.98	2.233	0.00125	TTTAAG	103.84	2.16	0.06	101.027,105.894,104.156,106.763,102.07
chrXIII	182613	TTTAAG	20d1aac0-29de-43ae-a0ef-aa8a6766eb70	t	282	105.20	2.347	0.00100	TTTAAG	103.84	2.16	0.54	107.979,104.851,106.241,101.723
chrXIII	182614	TTAAGA	20d1aac0-29de-43ae-a0ef-aa8a6766eb70	t	283	91.73	2.954	0.00150	TTAAGA	91.20	2.48	0.18	97.5512,92.8585,90.9467,88.6873,90.2515,90.0777
chrXIII	182614	TTAAGA	20d1aac0-29de-43ae-a0ef-aa8a6766eb70	t	284	92.63	0.171	0.00075	TTAAGA	91.20	2.48	0.49	92.5109,92.8585,92.5109
chrXIII	182614	TTAAGA	20d1aac0-29de-43ae-a0ef-aa8a6766eb70	t	285	91.25	0.986	0.00100	TTAAGA	91.20	2.48	0.02	89.7301,92.1633,91.9895,91.1205
chrXIII	182614	TTAAGA	20d1aac0-29de-43ae-a0ef-aa8a6766eb70	t	286	90.86	1.978	0.00150	TTAAGA	91.20	2.48	-0.12	87.992,89.9039,91.6419,93.9014,89.5563,92.1633
chrXIII	182614	TTAAGA	20d1aac0-29de-43ae-a0ef-aa8a6766eb70	t	287	89.64	0.527	0.00100	TTAAGA	91.20	2.48	-0.54	89.0349,89.3825,89.7301,90.4253
chrXIII	182615	TAAGAA	20d1aac0-29de-43ae-a0ef-aa8a6766eb70	t	288	87.30	2.601	0.00150	TAAGAA	86.82	1.46	0.28	89.2087,89.5563,87.992,89.3825,83.1255,84.516
chrXIII	182616	AAGAAT	20d1aac0-29de-43ae-a0ef-aa8a6766eb70	t	289	75.65	1.712	0.00075	AAGAAT	77.19	1.83	-0.72	73.9139,77.9114,75.1306
chrXIII	182616	AAGAAT	20d1aac0-29de-43ae-a0ef-aa8a6766eb70	t	290	77.09	1.380	0.00100	AAGAAT	77.19	1.83	-0.05	79.3018,75.9996,77.0424,75.9996
chrXIII	182616	AAGAAT	20d1aac0-29de-43ae-a0ef-aa8a6766eb70	t	291	73.35	1.169	0.00100	AAGAAT	77.19	1.83	-1.81	72.3497,75.1306,73.5663,72.3497
chrXIII	182617	AGAATT	20d1aac0-29de-43ae-a0ef-aa8a6766eb70	t	292	68.66	2.148	0.00100	AGAATT	69.04	1.95	-0.17	69.9165,65.3976,68.3522,70.9593
chrXIII	182617	AGAATT	20d1aac0-29de-43ae-a0ef-aa8a6766eb70	t	293	86.38	1.918	0.00100	NNNNNN	0.00	0.00	inf	84.6898,86.9492,89.2087,84.6898
chrXIII	182619	AATTCC	20d1aac0-29de-43ae-a0ef-aa8a6766eb70	t	294	99.60	3.293	0.00125	AATTCC	99.50	2.09	0.04	94.5966,97.8988,103.808,99.6369,102.07
chrXIII	182619	AATTCC	20d1aac0-29de-43ae-a0ef-aa8a6766eb70	t	295	100.04	1.221	0.00225	AATTCC	99.50	2.09	0.22	99.4631,98.7679,100.68,100.332,100.332,98.2465,99.1155,101.201,102.244
chrXIII	182620	ATTCCT	20d1aac0-29de-43ae-a0ef-aa8a6766eb70	t	296	108.45	1.549	0.00250	ATTCCT	108.10	2.17	0.14	110.413,107.806,109.718,105.894,109.37,108.327,109.196,105.72,108.327,109.718
chrXIII	182621	TTCCTT	20d1aac0-29de-43ae-a0ef-aa8a6766eb70	t	297	95.64	2.953	0.00100	TTCCTT	95.78	1.92	-0.06	94.7704,98.4203,98.0727,91.2943
chrXIII	182622	TCCTTA	20d1aac0-29de-43ae-a0ef-aa8a6766eb70	t	298	85.04	0.768	0.00075	TCCTTA	85.84	1.91	-0.36	86.0802,84.6898,84.3422
chrXIII	182623	CCTTAG	20d1aac0-29de-43ae-a0ef-aa8a6766eb70	t	299	99.12	2.206	0.00150	CCTTAG	105.47	1.86	-2.94	94.9442,99.4631,101.027,99.8107,98.0727,101.375
chrXIII	182624	CTTAGA	20d1aac0-29de-43ae-a0ef-aa8a6766eb70	t	300	103.06	1.721	0.00075	CTTAGA	102.71	2.04	0.15	100.68,104.33,104.156
chrXIII	182625	TTAGAT	20d1aac0-29de-43ae-a0ef-aa8a6766eb70	t	301	89.82	5.288	0.00100	TTAGAT	87.55	2.32	0.84	95.8132,92.8585,88.5134,82.0827
chrXIII	182626	TAGATC	20d1aac0-29de-43ae-a0ef-aa8a6766eb70	t	302	62.88	2.731	0.00150	TAGATC	67.74	1.85	-2.25	67.1356,60.7048,58.9668,62.0953,63.6595,64.7023
chrXIII	182627	AGATCA	20d1aac0-29de-43ae-a0ef-aa8a6766eb70	t	303	72.23	4.386	0.00250	AGATCA	71.31	2.70	0.29	68.3522,73.0449,73.9139,68.6998,72.0021,71.3069,73.2187,69.2212,68.8736,83.6469
chrXIII	182628	GATCAA	20d1aac0-29de-43ae-a0ef-aa8a6766eb70	t	304	113.67	2.050	0.00100	GATCAA	117.95	2.97	-1.24	110.413,114.932,113.715,115.627
chrXIII	182628	GATCAA	20d1aac0-29de-43ae-a0ef-aa8a6766eb70	t	305	111.06	0.994	0.00100	GATCAA	117.95	2.97	-1.99	112.151,109.718,111.803,110.587
chrXIII	182628	GATCAA	20d1aac0-29de-43ae-a0ef-aa8a6766eb70	t	306	113.14	1.809	0.00175	GATCAA	117.95	2.97	-1.39	113.194,112.325,115.453,112.151,115.453,113.367,110.065
chrXIII	182629	ATCAAT	20d1aac0-29de-43ae-a0ef-aa8a6766eb70	t	307	103.31	4.300	0.00175	ATCAAT	103.25	2.08	0.02	102.592,107.632,101.027,110.065,105.199,98.7679,97.8988
chrXIII	182630	TCAATC	20d1aac0-29de-43ae-a0ef-aa8a6766eb70	t	308	77.91	1.158	0.00150	TCAATC	79.99	2.25	-0.80	77.9114,77.39,79.4757,79.3018,76.8686,76.521
chrXIII	182630	TCAATC	20d1aac0-29de-43ae-a0ef-aa8a6766eb70	t	309	80.87	1.401	0.00125	TCAATC	79.99	2.25	0.33	79.4757,80.1709,80.5185,83.4731,80.6923
chrXIII	182631	CAATCG	20d1aac0-29de-43ae-a0ef-aa8a6766eb70	t	310	82.52	9.765	0.00100	CAATCG	75.96	2.23	2.53	75.1306,79.8233,76.3472,98.7679
chrXIII	182632	AATCGC	20d1aac0-29de-43ae-a0ef-aa8a6766eb70	t	311	121.51	2.124	0.00150	AATCGC	116.67	3.00	1.39	122.579,122.405,121.536,123.796,117.191,121.536
chrXIII	182632	AATCGC	20d1aac0-29de-43ae-a0ef-aa8a6766eb70	t	312	106.02	4.973	0.00100	NNNNNN	0.00	0.00	inf	105.72,113.889,103.634,100.854
chrXIII	182634	TCGCCA	20d1aac0-29de-43ae-a0ef-aa8a6766eb70	t	313	85.77	1.844	0.00350	TCGCCA	85.41	1.53	0.20	90.7729,85.5588,86.254,83.8207,86.0802,84.8636,86.6016,84.3422,85.2112,86.9492,84.6898,87.4706,83.2993,84.8636
chrXIII	182635	CGCCAA	20d1aac0-29de-43ae-a0ef-aa8a6766eb70	t	314	110.15	3.311	0.00100	CGCCAA	107.07	1.97	1.35	106.068,114.584,108.327,111.629
chrXIII	182635	CGCCAA	20d1aac0-29de-43ae-a0ef-aa8a6766eb70	t	315	107.52	0.656	0.00075	CGCCAA	107.07	1.97	0.20	107.458,108.327,106.763
chrXIII	182635	CGCCAA	20d1aac0-29de-43ae-a0ef-aa8a6766eb70	t	316	110.01	0.800	0.00075	CGCCAA	107.07	1.97	1.29	110.934,110.065,109.022
chrXIII	182635	CGCCAA	20d1aac0-29de-43ae-a0ef-aa8a6766eb70	t	317	107.94	1.235	0.00100	CGCCAA	107.07	1.97	0.38	106.589,108.327,107.11,109.718
chrXIII	182635	CGCCAA	20d1aac0-29de-43ae-a0ef-aa8a6766eb70	t	318	107.34	0.419	0.00075	CGCCAA	107.07	1.97	0.12	107.632,106.763,107.632
chrXIII	182635	CGCCAA	20d1aac0-29de-43ae-a0ef-aa8a6766eb70	t	319	110.15	0.684	0.00100	CGCCAA	107.07	1.97	1.35	111.108,109.718,109.37,110.413
chrXIII	182636	GCCAAA	20d1aac0-29de-43ae-a0ef-aa8a6766eb70	t	320	103.29	0.627	0.00125	GCCAAA	103.17	1.63	0.06	103.634,104.33,102.765,102.939,102.765
chrXIII	182636	GCCAAA	20d1aac0-29de-43ae-a0ef-aa8a6766eb70	t	321	102.98	1.537	0.00100	GCCAAA	103.17	1.63	-0.10	103.461,104.851,102.939,100.68
chrXIII	182637	CCAAAG	20d1aac0-29de-43ae-a0ef-aa8a6766eb70	t	322	92.25	0.920	0.00100	CCAAAG	91.44	2.71	0.26	90.7729,92.5109,92.5109,93.2062
chrXIII	182637	CCAAAG	20d1aac0-29de-43ae-a0ef-aa8a6766eb70	t	323	88.69	3.175	0.00100	CCAAAG	91.44	2.71	-0.87	84.1684,91.8157,87.4706,91.2943
chrXIII	182638	CAAAGG	20d1aac0-29de-43ae-a0ef-aa8a6766eb70	t	324	84.71	0.863	0.00175	CAAAGG	83.81	1.54	0.51	85.0374,83.6469,86.4278,85.0374,84.516,83.9945,84.3422
chrXIII	182639	AAAGGA	20d1aac0-29de-43ae-a0ef-aa8a6766eb70	t	325	82.08	0.519	0.00100	AAAGGA	83.21	1.41	-0.69	82.2565,82.7779,81.9089,81.3875
chrXIII	182639	AAAGGA	20d1aac0-29de-43ae-a0ef-aa8a6766eb70	t	326	83.99	0.383	0.00075	AAAGGA	83.21	1.41	0.48	83.8207,84.516,83.6469
chrXIII	182639	AAAGGA	20d1aac0-29de-43ae-a0ef-aa8a6766eb70	t	327	83.26	1.334	0.00100	AAAGGA	83.21	1.41	0.03	82.2565,83.6469,81.9089,85.2112
chrXIII	182640	AAGGAA	20d1aac0-29de-43ae-a0ef-aa8a6766eb70	t	328	79.27	1.321	0.00150	AAGGAA	78.78	1.83	0.23	78.259,80.5185,78.6066,78.4328,78.259,81.5613
chrXIII	182640	AAGGAA	20d1aac0-29de-43ae-a0ef-aa8a6766eb70	t	329	77.65	1.564	0.00150	AAGGAA	78.78	1.83	-0.53	75.1306,77.2162,78.6066,79.6495,76.521,78.7804
chrXIII	182640	AAGGAA	20d1aac0-29de-43ae-a0ef-aa8a6766eb70	t	330	77.09	0.738	0.00100	AAGGAA	78.78	1.83	-0.80	76.6948,77.39,76.1734,78.0852
chrXIII	182641	AGGAAA	20d1aac0-29de-43ae-a0ef-aa8a6766eb70	t	331	71.48	1.273	0.00125	AGGAAA	72.74	1.83	-0.59	69.7426,73.3925,72.0021,70.6117,71.6545
chrXIII	182641	AGGAAA	20d1aac0-29de-43ae-a0ef-aa8a6766eb70	t	332	71.96	0.857	0.00100	AGGAAA	72.74	1.83	-0.37	71.6545,72.3497,73.0449,70.7855
chrXIII	182642	GGAAAT	20d1aac0-29de-43ae-a0ef-aa8a6766eb70	t	333	73.84	1.508	0.00125	GGAAAT	74.42	1.68	-0.29	74.9568,75.1306,71.3069,74.783,73.0449
chrXIII	182642	GGAAAT	20d1aac0-29de-43ae-a0ef-aa8a6766eb70	t	334	74.91	0.291	0.00100	GGAAAT	74.42	1.68	0.25	75.1306,75.1306,74.9568,74.4353
chrXIII	182642	GGAAAT	20d1aac0-29de-43ae-a0ef-aa8a6766eb70	t	335	76.83	0.693	0.00100	GGAAAT	74.42	1.68	1.23	76.8686,76.8686,77.7376,75.8258
chrXIII	182642	GGAAAT	20d1aac0-29de-43ae-a0ef-aa8a6766eb70	t	336	74.74	1.637	0.00100	GGAAAT	74.42	1.68	0.17	73.5663,73.3925,74.6091,77.39
chrXIII	182642	GGAAAT	20d1aac0-29de-43ae-a0ef-aa8a6766eb70	t	337	73.04	0.143	0.00075	GGAAAT	74.42	1.68	-0.70	73.2187,73.0449,72.8711
chrXIII	182642	GGAAAT	20d1aac0-29de-43ae-a0ef-aa8a6766eb70	t	338	76.50	1.074	0.00175	GGAAAT	74.42	1.68	1.07	75.9996,75.1306,77.9114,76.8686,75.1306,76.6948,77.7376
chrXIII	182643	GAAATT	20d1aac0-29de-43ae-a0ef-aa8a6766eb70	t	339	73.97	0.587	0.00075	GAAATT	74.05	1.54	-0.04	74.6091,74.0877,73.2187
chrXIII	182643	GAAATT	20d1aac0-29de-43ae-a0ef-aa8a6766eb70	t	340	75.48	0.384	0.00075	GAAATT	74.05	1.54	0.80	74.9568,75.652,75.8258
chrXIII	182643	GAAATT	20d1aac0-29de-43ae-a0ef-aa8a6766eb70	t	341	72.23	0.511	0.00075	GAAATT	74.05	1.54	-1.01	72.8711,71.6545,72.1759
chrXIII	182643	GAAATT	20d1aac0-29de-43ae-a0ef-aa8a6766eb70	t	342	75.48	0.384	0.00075	GAAATT	74.05	1.54	0.80	75.3044,75.1306,75.9996
chrXIII	182643	GAAATT	20d1aac0-29de-43ae-a0ef-aa8a6766eb70	t	343	74.82	0.483	0.00125	GAAATT	74.05	1.54	0.43	74.4353,74.0877,75.1306,75.3044,75.1306
chrXIII	182644	AAATTC	20d1aac0-29de-43ae-a0ef-aa8a6766eb70	t	344	67.68	1.044	0.00175	AAATTC	68.00	2.01	-0.14	69.2212,67.3094,68.3522,65.7452,67.1356,68.1784,67.8308
chrXIII	182644	AAATTC	20d1aac0-29de-43ae-a0ef-aa8a6766eb70	t	345	66.30	1.122	0.00150	AAATTC	68.00	2.01	-0.73	65.5714,67.3094,66.788,66.788,64.1809,67.1356
chrXIII	182645	AATTCT	20d1aac0-29de-43ae-a0ef-aa8a6766eb70	t	346	102.64	0.921	0.00175	AATTCT	101.56	2.09	0.45	101.027,102.418,103.808,102.939,103.634,102.765,101.896
chrXIII	182646	ATTCTA	20d1aac0-29de-43ae-a0ef-aa8a6766eb70	t	347	110.85	1.432	0.00100	ATTCTA	108.88	2.26	0.75	108.848,110.239,112.325,111.977
chrXIII	182646	ATTCTA	20d1aac0-29de-43ae-a0ef-aa8a6766eb70	t	348	108.44	0.876	0.00075	ATTCTA	108.88	2.26	-0.17	109.544,108.327,107.458
chrXIII	182647	TTCTAG	20d1aac0-29de-43ae-a0ef-aa8a6766eb70	t	349	93.41	1.245	0.00125	TTCTAG	96.65	1.86	-1.49	93.7276,95.118,92.5109,94.0752,91.6419
chrXIII	182647	TTCTAG	20d1aac0-29de-43ae-a0ef-aa8a6766eb70	t	350	94.64	1.183	0.00200	TTCTAG	96.65	1.86	-0.93	94.4228,93.5538,94.9442,93.9014,94.9442,93.5538,94.4228,97.3774
chrXIII	182648	TCTAGA	20d1aac0-29de-43ae-a0ef-aa8a6766eb70	t	351	108.09	1.421	0.00200	TCTAGA	106.83	2.52	0.43	109.718,107.806,106.068,110.065,108.675,106.068,107.806,108.501
chrXIII	182649	CTAGAG	20d1aac0-29de-43ae-a0ef-aa8a6766eb70	t	352	89.27	3.067	0.00150	CTAGAG	90.81	2.32	-0.57	93.9014,89.3825,87.8182,89.7301,90.7729,83.9945
chrXIII	182650	TAGAGA	20d1aac0-29de-43ae-a0ef-aa8a6766eb70	t	353	76.35	2.219	0.00100	TAGAGA	78.64	1.83	-1.08	79.8233,74.6091,76.521,74.4353
chrXIII	182650	TAGAGA	20d1aac0-29de-43ae-a0ef-aa8a6766eb70	t	354	77.74	0.765	0.00100	TAGAGA	78.64	1.83	-0.42	77.39,76.6948,78.6066,78.259
chrXIII	182651	AGAGAA	20d1aac0-29de-43ae-a0ef-aa8a6766eb70	t	355	80.17	1.041	0.00225	AGAGAA	79.71	1.42	0.28	80.1709,78.7804,81.9089,78.9542,80.3447,81.3875,79.3018,80.8661,79.8233
chrXIII	182651	AGAGAA	20d1aac0-29de-43ae-a0ef-aa8a6766eb70	t	356	78.92	1.177	0.00125	AGAGAA	79.71	1.42	-0.48	77.39,80.1709,77.7376,79.9971,79.3018
chrXIII	182651	AGAGAA	20d1aac0-29de-43ae-a0ef-aa8a6766eb70	t	357	80.23	0.605	0.00075	AGAGAA	79.71	1.42	0.32	79.6495,81.0399,79.9971
chrXIII	182651	AGAGAA	20d1aac0-29de-43ae-a0ef-aa8a6766eb70	t	358	78.49	0.510	0.00075	AGAGAA	79.71	1.42	-0.74	77.9114,78.4328,79.128
chrXIII	182651	AGAGAA	20d1aac0-29de-43ae-a0ef-aa8a6766eb70	t	359	80.48	1.553	0.00100	AGAGAA	79.71	1.42	0.47	79.6495,78.4328,81.5613,82.2565
chrXIII	182651	AGAGAA	20d1aac0-29de-43ae-a0ef-aa8a6766eb70	t	360	78.98	1.529	0.00150	AGAGAA	79.71	1.42	-0.44	76.6948,77.5638,81.2137,79.3018,79.9971,79.128
chrXIII	182651	AGAGAA	20d1aac0-29de-43ae-a0ef-aa8a6766eb70	t	361	81.62	1.071	0.00075	AGAGAA	79.71	1.42	1.16	82.6041,80.1709,82.0827
chrXIII	182651	AGAGAA	20d1aac0-29de-43ae-a0ef-aa8a6766eb70	t	362	78.76	1.459	0.00175	AGAGAA	79.71	1.42	-0.58	79.8233,78.259,75.9996,80.8661,78.0852,78.9542,79.3018
chrXIII	182652	GAGAAA	20d1aac0-29de-43ae-a0ef-aa8a6766eb70	t	363	78.82	1.942	0.00100	GAGAAA	77.16	1.83	0.78	78.0852,77.7376,77.39,82.0827
chrXIII	182653	AGAAAC	20d1aac0-29de-43ae-a0ef-aa8a6766eb70	t	364	77.41	1.384	0.00250	AGAAAC	77.58	1.68	-0.09	75.4782,76.6948,78.6066,76.1734,78.0852,76.3472,80.1709,76.521,77.5638,78.4328
chrXIII	182654	GAAACA	20d1aac0-29de-43ae-a0ef-aa8a6766eb70	t	365	75.59	0.444	0.00075	GAAACA	74.71	1.71	0.45	75.1306,76.1734,75.4782
chrXIII	182654	GAAACA	20d1aac0-29de-43ae-a0ef-aa8a6766eb70	t	366	74.90	1.089	0.00400	GAAACA	74.71	1.71	0.10	74.6091,74.0877,74.4353,74.2615,73.5663,75.3044,74.783,73.5663,75.652,75.3044,72.8711,76.3472,74.783,76.1734,76.6948,75.9996
chrXIII	182654	GAAACA	20d1aac0-29de-43ae-a0ef-aa8a6766eb70	t	367	72.81	0.367	0.00075	GAAACA	74.71	1.71	-0.95	73.2187,72.8711,72.3497
chrXIII	182654	GAAACA	20d1aac0-29de-43ae-a0ef-aa8a6766eb70	t	368	77.04	2.018	0.00075	GAAACA	74.71	1.71	1.18	78.259,74.2615,78.6066
chrXIII	182655	AAACAA	20d1aac0-29de-43ae-a0ef-aa8a6766eb70	t	369	87.17	2.577	0.00100	AAACAA	88.26	1.96	-0.48	83.2993,89.7301,89.0349,86.6016
chrXIII	182655	AAACAA	20d1aac0-29de-43ae-a0ef-aa8a6766eb70	t	370	86.89	0.935	0.00075	AAACAA	88.26	1.96	-0.60	86.0802,88.1658,86.4278
chrXIII	182655	AAACAA	20d1aac0-29de-43ae-a0ef-aa8a6766eb70	t	371	89.85	0.364	0.00075	AAACAA	88.26	1.96	0.70	89.3825,89.9039,90.2515
chrXIII	182655	AAACAA	20d1aac0-29de-43ae-a0ef-aa8a6766eb70	t	372	88.34	1.014	0.00100	AAACAA	88.26	1.96	0.04	86.9492,88.5134,88.1658,89.7301
chrXIII	182655	AAACAA	20d1aac0-29de-43ae-a0ef-aa8a6766eb70	t	373	87.91	0.739	0.00100	AAACAA	88.26	1.96	-0.15	88.3396,87.123,87.2968,88.8611
chrXIII	182655	AAACAA	20d1aac0-29de-43ae-a0ef-aa8a6766eb70	t	374	91.99	1.154	0.00075	AAACAA	88.26	1.96	1.64	93.0323,90.4253,92.5109
chrXIII	182656	AACAAA	20d1aac0-29de-43ae-a0ef-aa8a6766eb70	t	375	110.63	1.586	0.00200	AACAAA	107.92	2.19	1.06	109.544,110.239,111.803,107.458,110.934,110.413,112.846,111.803
chrXIII	182656	AACAAA	20d1aac0-29de-43ae-a0ef-aa8a6766eb70	t	376	110.30	0.420	0.00075	AACAAA	107.92	2.19	0.93	110.587,109.718,110.587
chrXIII	182656	AACAAA	20d1aac0-29de-43ae-a0ef-aa8a6766eb70	t	377	111.50	1.044	0.00200	AACAAA	107.92	2.19	1.40	111.803,112.325,109.891,113.02,110.413,112.498,111.108,110.934
chrXIII	182656	AACAAA	20d1aac0-29de-43ae-a0ef-aa8a6766eb70	t	378	109.17	0.404	0.00150	AACAAA	107.92	2.19	0.49	109.022,109.37,109.196,108.675,109.891,108.848
chrXIII	182656	AACAAA	20d1aac0-29de-43ae-a0ef-aa8a6766eb70	t	379	111.86	0.686	0.00075	AACAAA	107.92	2.19	1.54	112.151,110.934,112.498
chrXIII	182656	AACAAA	20d1aac0-29de-43ae-a0ef-aa8a6766eb70	t	380	108.21	3.177	0.00150	AACAAA	107.92	2.19	0.11	108.153,109.196,111.456,108.501,110.239,101.723
chrXIII	182657	ACAAAC	20d1aac0-29de-43ae-a0ef-aa8a6766eb70	t	381	90.99	1.829	0.00100	ACAAAC	89.28	2.71	0.54	93.5538,91.1205,88.5134,90.7729
chrXIII	182657	ACAAAC	20d1aac0-29de-43ae-a0ef-aa8a6766eb70	t	382	91.64	0.248	0.00075	ACAAAC	89.28	2.71	0.75	91.2943,91.8157,91.8157
chrXIII	182657	ACAAAC	20d1aac0-29de-43ae-a0ef-aa8a6766eb70	t	383	89.56	1.583	0.00250	ACAAAC	89.28	2.71	0.09	90.2515,91.1205,88.3396,91.2943,89.5563,90.4253,88.8611,91.2943,86.4278,87.992
chrXIII	182658	CAAACA	20d1aac0-29de-43ae-a0ef-aa8a6766eb70	t	384	79.51	1.127	0.00125	CAAACA	76.44	1.71	1.55	79.4757,80.1709,77.7376,79.128,81.0399
chrXIII	182659	AAACAT	20d1aac0-29de-43ae-a0ef-aa8a6766eb70	t	385	88.77	1.100	0.00200	AAACAT	87.45	1.96	0.58	87.6444,87.8182,90.9467,89.2087,87.992,88.8611,87.992,89.7301
chrXIII	182659	AAACAT	20d1aac0-29de-43ae-a0ef-aa8a6766eb70	t	386	87.59	0.366	0.00150	AAACAT	87.45	1.96	0.06	87.8182,87.8182,87.2968,87.992,86.9492,87.6444
chrXIII	182659	AAACAT	20d1aac0-29de-43ae-a0ef-aa8a6766eb70	t	387	85.47	0.894	0.00100	AAACAT	87.45	1.96	-0.87	85.9064,83.9945,85.7326,86.254
chrXIII	182659	AAACAT	20d1aac0-29de-43ae-a0ef-aa8a6766eb70	t	388	86.89	0.718	0.00075	AAACAT	87.45	1.96	-0.25	87.2968,85.9064,87.4706
chrXIII	182659	AAACAT	20d1aac0-29de-43ae-a0ef-aa8a6766eb70	t	389	86.47	1.442	0.00100	AAACAT	87.45	1.96	-0.43	85.2112,85.9064,85.9064,88.8611
chrXIII	182660	AACATC	20d1aac0-29de-43ae-a0ef-aa8a6766eb70	t	390	97.97	1.377	0.00125	AACATC	97.48	2.18	0.19	95.6394,97.3774,98.5941,98.7679,99.4631
chrXIII	182660	AACATC	20d1aac0-29de-43ae-a0ef-aa8a6766eb70	t	391	100.35	1.202	0.00225	AACATC	97.48	2.18	1.13	99.6369,101.375,100.332,99.1155,102.244,98.9417,101.375,98.9417,101.201
chrXIII	182660	AACATC	20d1aac0-29de-43ae-a0ef-aa8a6766eb70	t	392	99.50	1.021	0.00125	AACATC	97.48	2.18	0.80	98.4203,98.7679,99.1155,101.201,99.9845
chrXIII	182661	ACATCG	20d1aac0-29de-43ae-a0ef-aa8a6766eb70	t	393	82.43	2.285	0.00100	ACATCG	82.24	2.23	0.07	86.0802,80.1709,82.2565,81.2137
chrXIII	182661	ACATCG	20d1aac0-29de-43ae-a0ef-aa8a6766eb70	t	394	82.89	0.799	0.00075	ACATCG	82.24	2.23	0.25	82.2565,82.4303,83.9945
chrXIII	182662	CATCGT	20d1aac0-29de-43ae-a0ef-aa8a6766eb70	t	395	114.64	7.266	0.00075	CATCGT	116.18	3.00	-0.44	104.677,120.667,118.581
chrXIII	182663	ATCGTT	20d1aac0-29de-43ae-a0ef-aa8a6766eb70	t	396	94.56	3.162	0.00125	ATCGTT	93.44	5.74	0.17	96.6822,95.4656,95.2918,96.856,88.5134
chrXIII	182664	TCGTTT	20d1aac0-29de-43ae-a0ef-aa8a6766eb70	t	397	64.34	2.359	0.00300	TCGTTT	67.07	2.47	-0.95	63.4857,62.6167,65.5714,64.3547,61.2263,64.7023,63.8333,64.1809,61.5739,66.6142,63.6595,70.2641
chrXIII	182665	CGTTTA	20d1aac0-29de-43ae-a0ef-aa8a6766eb70	t	398	94.89	0.337	0.00075	CGTTTA	92.90	1.91	0.89	95.118,95.118,94.4228
chrXIII	182666	GTTTAC	20d1aac0-29de-43ae-a0ef-aa8a6766eb70	t	399	96.57	0.604	0.00075	GTTTAC	96.22	1.71	0.18	95.987,96.3346,97.3774
chrXIII	182666	GTTTAC	20d1aac0-29de-43ae-a0ef-aa8a6766eb70	t	400	94.25	1.017	0.00075	GTTTAC	96.22	1.71	-0.99	94.249,95.4656,93.0323
chrXIII	182666	GTTTAC	20d1aac0-29de-43ae-a0ef-aa8a6766eb70	t	401	97.78	2.020	0.00150	GTTTAC	96.22	1.71	0.79	100.158,95.2918,99.9845,98.4203,97.5512,95.2918
chrXIII	182666	GTTTAC	20d1aac0-29de-43ae-a0ef-aa8a6766eb70	t	402	98.16	1.011	0.00100	GTTTAC	96.22	1.71	0.98	99.1155,97.5512,99.1155,96.856
chrXIII	182667	TTTACT	20d1aac0-29de-43ae-a0ef-aa8a6766eb70	t	403	100.77	1.323	0.00150	TTTACT	100.65	2.02	0.05	100.158,100.158,102.244,102.244,101.201,98.5941
chrXIII	182667	TTTACT	20d1aac0-29de-43ae-a0ef-aa8a6766eb70	t	404	101.77	1.291	0.00100	TTTACT	100.65	2.02	0.48	102.244,101.723,103.287,99.8107
chrXIII	182667	TTTACT	20d1aac0-29de-43ae-a0ef-aa8a6766eb70	t	405	103.29	0.502	0.00075	TTTACT	100.65	2.02	1.12	102.592,103.634,103.634
chrXIII	182667	TTTACT	20d1aac0-29de-43ae-a0ef-aa8a6766eb70	t	406	101.44	1.782	0.00125	TTTACT	100.65	2.02	0.34	101.375,99.9845,99.1155,103.634,103.113
chrXIII	182668	TTACTA	20d1aac0-29de-43ae-a0ef-aa8a6766eb70	t	407	90.25	0.700	0.00100	TTACTA	90.43	1.52	-0.10	90.9467,89.2087,90.0777,90.7729
chrXIII	182668	TTACTA	20d1aac0-29de-43ae-a0ef-aa8a6766eb70	t	408	91.82	0.385	0.00075	TTACTA	90.43	1.52	0.78	91.9895,91.2943,92.1633
chrXIII	182668	TTACTA	20d1aac0-29de-43ae-a0ef-aa8a6766eb70	t	409	91.16	1.041	0.00100	TTACTA	90.43	1.52	0.41	90.4253,92.1633,89.9039,92.1633
chrXIII	182668	TTACTA	20d1aac0-29de-43ae-a0ef-aa8a6766eb70	t	410	90.04	0.874	0.00125	TTACTA	90.43	1.52	-0.22	90.7729,89.3825,88.6873,90.5991,90.7729
chrXIII	182669	TACTAA	20d1aac0-29de-43ae-a0ef-aa8a6766eb70	t	411	96.16	3.012	0.00100	TACTAA	100.18	1.70	-2.04	99.8107,95.4656,97.5512,91.8157
chrXIII	182669	TACTAA	20d1aac0-29de-43ae-a0ef-aa8a6766eb70	t	412	99.43	1.481	0.00125	TACTAA	100.18	1.70	-0.38	99.6369,96.6822,100.854,100.332,99.6369
chrXIII	182669	TACTAA	20d1aac0-29de-43ae-a0ef-aa8a6766eb70	t	413	99.61	0.610	0.00150	TACTAA	100.18	1.70	-0.29	99.8107,99.6369,98.5941,100.158,100.332,99.1155
chrXIII	182669	TACTAA	20d1aac0-29de-43ae-a0ef-aa8a6766eb70	t	414	98.45	1.993	0.00150	TACTAA	100.18	1.70	-0.88	99.1155,99.8107,94.249,99.9845,98.4203,99.1155
chrXIII	182669	TACTAA	20d1aac0-29de-43ae-a0ef-aa8a6766eb70	t	415	100.51	0.964	0.00150	TACTAA	100.18	1.70	0.16	100.68,100.506,99.2893,99.6369,102.244,100.68
chrXIII	182669	TACTAA	20d1aac0-29de-43ae-a0ef-aa8a6766eb70	t	416	99.58	1.392	0.00150	TACTAA	100.18	1.70	-0.31	99.9845,98.4203,98.4203,101.027,98.0727,101.549
chrXIII	182669	TACTAA	20d1aac0-29de-43ae-a0ef-aa8a6766eb70	t	417	99.02	1.100	0.00225	TACTAA	100.18	1.70	-0.59	99.4631,97.725,98.9417,100.854,97.725,99.9845,99.4631,99.4631,97.5512
chrXIII	182669	TACTAA	20d1aac0-29de-43ae-a0ef-aa8a6766eb70	t	418	101.31	0.494	0.00200	TACTAA	100.18	1.70	0.57	100.68,101.201,101.375,101.375,100.854,102.418,101.201,101.375
chrXIII	182670	ACTAAA	20d1aac0-29de-43ae-a0ef-aa8a6766eb70	t	419	109.33	2.169	0.00100	ACTAAA	109.61	2.64	-0.09	112.151,110.239,108.501,106.415
chrXIII	182670	ACTAAA	20d1aac0-29de-43ae-a0ef-aa8a6766eb70	t	420	111.22	1.697	0.00200	ACTAAA	109.61	2.64	0.52	111.977,110.934,113.367,108.675,113.367,111.282,111.282,108.848
chrXIII	182671	CTAAAA	20d1aac0-29de-43ae-a0ef-aa8a6766eb70	t	421	92.68	1.096	0.00100	CTAAAA	93.84	2.42	-0.41	93.7276,93.7276,91.9895,91.2943
chrXIII	182672	TAAAAT	20d1aac0-29de-43ae-a0ef-aa8a6766eb70	t	422	88.03	1.894	0.00125	TAAAAT	86.35	1.52	0.95	85.385,90.7729,89.2087,86.9492,87.8182
chrXIII	182672	TAAAAT	20d1aac0-29de-43ae-a0ef-aa8a6766eb70	t	423	86.49	0.228	0.00075	TAAAAT	86.35	1.52	0.08	86.254,86.4278,86.7754
chrXIII	182672	TAAAAT	20d1aac0-29de-43ae-a0ef-aa8a6766eb70	t	424	87.79	1.673	0.00175	TAAAAT	86.35	1.52	0.82	89.2087,88.1658,87.6444,87.992,86.4278,90.2515,84.8636
chrXIII	182673	AAAATC	20d1aac0-29de-43ae-a0ef-aa8a6766eb70	t	425	72.30	1.521	0.00175	AAAATC	74.63	1.54	-1.30	70.6117,75.652,72.5235,71.4807,71.6545,72.3497,71.8283
chrXIII	182673	AAAATC	20d1aac0-29de-43ae-a0ef-aa8a6766eb70	t	426	73.18	0.520	0.00125	AAAATC	74.63	1.54	-0.80	73.5663,73.3925,73.3925,72.1759,73.3925
chrXIII	182673	AAAATC	20d1aac0-29de-43ae-a0ef-aa8a6766eb70	t	427	74.23	0.577	0.00125	AAAATC	74.63	1.54	-0.22	74.783,73.3925,74.4353,74.783,73.7401
chrXIII	182673	AAAATC	20d1aac0-29de-43ae-a0ef-aa8a6766eb70	t	428	72.58	0.587	0.00075	AAAATC	74.63	1.54	-1.14	71.8283,73.2187,72.6973
chrXIII	182673	AAAATC	20d1aac0-29de-43ae-a0ef-aa8a6766eb70	t	429	74.76	0.809	0.00175	AAAATC	74.63	1.54	0.07	75.4782,75.652,73.0449,74.6091,74.9568,74.6091,74.9568
chrXIII	182673	AAAATC	20d1aac0-29de-43ae-a0ef-aa8a6766eb70	t	430	71.87	0.928	0.00200	AAAATC	74.63	1.54	-1.54	72.8711,73.0449,70.6117,71.3069,72.0021,71.8283,72.6973,70.6117
chrXIII	182673	AAAATC	20d1aac0-29de-43ae-a0ef-aa8a6766eb70	t	431	73.74	0.145	0.00075	AAAATC	74.63	1.54	-0.49	73.7401,73.9139,73.5663
chrXIII	182673	AAAATC	20d1aac0-29de-43ae-a0ef-aa8a6766eb70	t	432	72.18	0.851	0.00225	AAAATC	74.63	1.54	-1.37	71.8283,72.8711,70.4379,73.0449,72.3497,71.3069,73.0449,72.0021,72.6973
chrXIII	182674	AAATCC	20d1aac0-29de-43ae-a0ef-aa8a6766eb70	t	433	78.03	9.384	0.00150	AAATCC	74.91	2.23	1.20	73.5663,73.2187,75.3044,72.6973,74.9568,98.4203
chrXIII	182675	AATCCT	20d1aac0-29de-43ae-a0ef-aa8a6766eb70	t	434	122.90	1.846	0.00175	AATCCT	117.91	3.05	1.41	124.143,124.838,123.1,123.1,123.969,122.231,118.929
chrXIII	182676	ATCCTA	20d1aac0-29de-43ae-a0ef-aa8a6766eb70	t	435	100.27	1.021	0.00075	ATCCTA	99.79	1.92	0.22	99.1155,100.158,101.549
chrXIII	182677	TCCTAG	20d1aac0-29de-43ae-a0ef-aa8a6766eb70	t	436	94.99	1.023	0.00175	TCCTAG	96.30	1.77	-0.63	97.2036,93.7276,94.5966,95.118,94.5966,95.118,94.5966
chrXIII	182677	TCCTAG	20d1aac0-29de-43ae-a0ef-aa8a6766eb70	t	437	95.94	0.460	0.00100	TCCTAG	96.30	1.77	-0.17	95.8132,96.1608,95.2918,96.5084
chrXIII	182677	TCCTAG	20d1aac0-29de-43ae-a0ef-aa8a6766eb70	t	438	95.10	0.858	0.00250	TCCTAG	96.30	1.77	-0.58	95.2918,95.2918,95.2918,95.987,95.6394,93.5538,96.5084,94.249,94.249,94.9442
chrXIII	182677	TCCTAG	20d1aac0-29de-43ae-a0ef-aa8a6766eb70	t	439	95.52	0.223	0.00075	TCCTAG	96.30	1.77	-0.38	95.4656,95.8132,95.2918
chrXIII	182677	TCCTAG	20d1aac0-29de-43ae-a0ef-aa8a6766eb70	t	440	96.25	0.520	0.00150	TCCTAG	96.30	1.77	-0.02	97.0298,96.3346,96.1608,95.6394,96.6822,95.6394
chrXIII	182678	CCTAGA	20d1aac0-29de-43ae-a0ef-aa8a6766eb70	t	441	111.92	1.235	0.00075	CCTAGA	110.00	2.52	0.66	113.367,110.413,111.977
chrXIII	182678	CCTAGA	20d1aac0-29de-43ae-a0ef-aa8a6766eb70	t	442	108.85	1.790	0.00125	CCTAGA	110.00	2.52	-0.39	107.979,110.587,111.108,106.415,108.153
chrXIII	182679	CTAGAG	20d1aac0-29de-43ae-a0ef-aa8a6766eb70	t	443	92.03	0.901	0.00100	CTAGAG	90.81	2.32	0.45	92.3371,91.8157,93.2062,90.7729
chrXIII	182679	CTAGAG	20d1aac0-29de-43ae-a0ef-aa8a6766eb70	t	444	93.74	1.274	0.00250	CTAGAG	90.81	2.32	1.08	93.0323,93.7276,93.2062,95.118,92.8585,93.2062,94.9442,93.0323,91.9895,96.3346
chrXIII	182680	TAGAGA	20d1aac0-29de-43ae-a0ef-aa8a6766eb70	t	445	77.56	2.902	0.00175	TAGAGA	78.64	1.83	-0.51	80.3447,78.6066,78.7804,78.9542,79.6495,74.6091,72.0021
chrXIII	182680	TAGAGA	20d1aac0-29de-43ae-a0ef-aa8a6766eb70	t	446	64.91	1.347	0.00125	NNNNNN	0.00	0.00	inf	65.2237,67.1356,63.4857,63.6595,65.0499
chrXIII	182680	TAGAGA	20d1aac0-29de-43ae-a0ef-aa8a6766eb70	t	447	64.14	1.285	0.00100	NNNNNN	0.00	0.00	inf	64.8761,65.3976,64.1809,62.0953
chrXIII	182680	TAGAGA	20d1aac0-29de-43ae-a0ef-aa8a6766eb70	t	448	65.88	1.407	0.00125	NNNNNN	0.00	0.00	inf	67.3094,67.3094,63.6595,65.2237,65.919
chrXIII	182680	TAGAGA	20d1aac0-29de-43ae-a0ef-aa8a6766eb70	t	449	81.18	3.628	0.00125	TAGAGA	78.64	1.83	1.19	74.2615,82.9517,81.7351,82.7779,84.1684
chrXIII	182680	TAGAGA	20d1aac0-29de-43ae-a0ef-aa8a6766eb70	t	450	81.62	0.083	0.00075	TAGAGA	78.64	1.83	1.40	81.7351,81.5613,81.5613
chrXIII	182680	TAGAGA	20d1aac0-29de-43ae-a0ef-aa8a6766eb70	t	451	82.84	0.303	0.00075	TAGAGA	78.64	1.83	1.97	82.4303,82.9517,83.1255
chrXIII	182680	TAGAGA	20d1aac0-29de-43ae-a0ef-aa8a6766eb70	t	452	82.13	0.424	0.00100	TAGAGA	78.64	1.83	1.64	81.5613,82.4303,81.9089,82.6041
chrXIII	182680	TAGAGA	20d1aac0-29de-43ae-a0ef-aa8a6766eb70	t	453	84.52	0.863	0.00100	TAGAGA	78.64	1.83	2.76	84.8636,84.6898,85.385,83.1255
chrXIII	182680	TAGAGA	20d1aac0-29de-43ae-a0ef-aa8a6766eb70	t	454	98.30	0.083	0.00075	NNNNNN	0.00	0.00	inf	98.4203,98.2465,98.2465
chrXIII	182680	TAGAGA	20d1aac0-29de-43ae-a0ef-aa8a6766eb70	t	455	96.75	0.832	0.00125	NNNNNN	0.00	0.00	inf	95.6394,96.6822,96.1608,97.8988,97.3774
chrXIII	182680	TAGAGA	20d1aac0-29de-43ae-a0ef-aa8a6766eb70	t	456	83.47	2.646	0.00125	TAGAGA	78.64	1.83	2.27	87.6444,80.3447,85.0374,81.7351,82.6041
chrXIII	182680	TAGAGA	20d1aac0-29de-43ae-a0ef-aa8a6766eb70	t	457	80.69	0.385	0.00075	TAGAGA	78.64	1.83	0.96	80.8661,81.0399,80.1709
chrXIII	182680	TAGAGA	20d1aac0-29de-43ae-a0ef-aa8a6766eb70	t	458	83.65	0.291	0.00075	TAGAGA	78.64	1.83	2.35	83.9945,83.2993,83.6469
chrXIII	182680	TAGAGA	20d1aac0-29de-43ae-a0ef-aa8a6766eb70	t	459	81.21	0.941	0.00125	TAGAGA	78.64	1.83	1.21	79.6495,82.4303,81.0399,81.2137,81.7351
chrXIII	182680	TAGAGA	20d1aac0-29de-43ae-a0ef-aa8a6766eb70	t	460	80.06	1.128	0.00075	TAGAGA	78.64	1.83	0.66	78.9542,81.5613,79.6495
chrXIII	182680	TAGAGA	20d1aac0-29de-43ae-a0ef-aa8a6766eb70	t	461	81.56	1.211	0.00300	TAGAGA	78.64	1.83	1.37	82.2565,80.3447,81.3875,81.0399,81.3875,82.4303,79.4757,83.1255,80.5185,83.6469,80.6923,82.4303
chrXIII	182680	TAGAGA	20d1aac0-29de-43ae-a0ef-aa8a6766eb70	t	462	80.14	1.663	0.00125	TAGAGA	78.64	1.83	0.70	78.0852,82.9517,79.128,80.3447,80.1709
chrXIII	182680	TAGAGA	20d1aac0-29de-43ae-a0ef-aa8a6766eb70	t	463	86.04	8.050	0.00100	TAGAGA	78.64	1.83	3.48	81.5613,80.8661,82.0827,99.6369
chrXIII	182681	AGAGAC	20d1aac0-29de-43ae-a0ef-aa8a6766eb70	t	464	119.45	0.604	0.00100	AGAGAC	75.89	1.42	26.42	119.103,120.32,119.624,118.755
